[0.00163399 0.00163399 0.00163399 0.00163399 0.00163399 0.00163399
 0.00163399 0.00174021 0.00163399 0.00163399 0.00163399 0.00163399
 0.00163399 0.00163399 0.00163399 0.00163399 0.00163399 0.00163399
 0.00163399 0.00163399 0.00163399 0.00163399 0.00168396 0.00163399
 0.00163399 0.00163399 0.00163399 0.00163399 0.00163399 0.00163399
 0.00163399 0.00163399 0.00163399 0.00163399 0.00163399 0.00163399
 0.00163399 0.00163399 0.00163399 0.00163399 0.00163399 0.00163399
 0.00159371 0.00163399 0.00163399 0.00163399 0.00163399 0.00163399
 0.00163399 0.00163399 0.00163399 0.00163399 0.00163399 0.00163399
 0.00163399 0.00163399 0.00163399 0.00106162 0.00163399 0.00163399
 0.00163399 0.00163399 0.00163399 0.00163399 0.00163399 0.00163399
 0.00163399 0.00163399 0.00163399 0.00163399 0.00163399 0.00163399
 0.00163399 0.00174021 0.00163399 0.00163399 0.00163399 0.00163399
 0.00163399 0.00163399 0.00163399 0.00163399 0.00163399 0.00163399
 0.00163399 0.00163399 0.00163399 0.00163399 0.00163399 0.00163399
 0.00163399 0.00163399 0.00163399 0.00163399 0.00163399 0.00163399
 0.00163399 0.00163399 0.00163399 0.00163399 0.00163399 0.00163399
 0.00163399 0.00163399 0.00163399 0.00163399 0.00163399 0.00163399
 0.00163399 0.00163399 0.00163399 0.00163399 0.00163399 0.00163399
 0.00163399 0.00163399 0.00163399 0.00163399 0.00163399 0.00163399
 0.00163399 0.00163399 0.00163399 0.00163399 0.00163399 0.00163399
 0.00163399 0.00106162 0.00163399 0.00163399 0.00163399 0.00163399
 0.00163399 0.00163399 0.00163399 0.00257884 0.00163399 0.00163399
 0.00163399 0.00163399 0.00163399 0.00163399 0.00163399 0.00163399
 0.00163399 0.00163399 0.00163399 0.00163399 0.00163399 0.00163399
 0.00163399 0.00163399 0.00163399 0.00163399 0.00163399 0.00120106
 0.00163399 0.00163399 0.00163399 0.00163399 0.00163399 0.00163399
 0.00163399 0.00163399 0.00163399 0.00163399 0.00163399 0.00163399
 0.00163399 0.00163399 0.00163399 0.00163399 0.00163399 0.00163399
 0.00163399 0.00163399 0.00163399 0.00163399 0.00163399 0.00163399
 0.00163399 0.00163399 0.00163399 0.00163399 0.00163399 0.00163399
 0.00163399 0.00163399 0.00163399 0.00163399 0.00163399 0.00163399
 0.00163399 0.00163399 0.00163399 0.00163399 0.00163399 0.00163399
 0.00163399 0.00163399 0.00163399 0.00163399 0.00163399 0.00163399
 0.00163399 0.00163399 0.00163399 0.00163399 0.00163399 0.00163399
 0.00163399 0.00163399 0.00163399 0.00163399 0.00163399 0.00163399
 0.00163399 0.00163399 0.00163399 0.00163399 0.00163399 0.00159371
 0.00163399 0.00163399 0.00163399 0.00163399 0.00163399 0.00163399
 0.00163399 0.00163399 0.00163399 0.00168396 0.00163399 0.00163399
 0.00163399 0.00163399 0.00163399 0.00163399 0.00163399 0.00163399
 0.00163399 0.00163399 0.00163399 0.00163399 0.00163399 0.00163399
 0.00163399 0.00163399 0.00163399 0.00163399 0.00163399 0.00163399
 0.00163399 0.00163399 0.00163399 0.00163399 0.00163399 0.00159371
 0.00163399 0.00163399 0.00163399 0.00163399 0.00163399 0.00163399
 0.00163399 0.00163399 0.00163399 0.00163399 0.00163399 0.00163399
 0.00163399 0.00163399 0.00163399 0.00163399 0.00163399 0.00163399
 0.00163399 0.00163399 0.00163399 0.00163399 0.00163399 0.00163399
 0.00163399 0.00163399 0.00163399 0.00163399 0.00163399 0.00163399
 0.00163399 0.00163399 0.00163399 0.00163399 0.00163399 0.00163399
 0.00163399 0.00163399 0.00163399 0.00163399 0.00163399 0.00163399
 0.00163399 0.00139032 0.00163399 0.00163399 0.00163399 0.00163399
 0.00163399 0.00163399 0.00163399 0.00163399 0.00163399 0.00174021
 0.00163399 0.00163399 0.00163399 0.00163399 0.00163399 0.00163399
 0.00163399 0.00163399 0.00163399 0.00163399 0.00163399 0.00163399
 0.00163399 0.00163399 0.00163399 0.00163399 0.00163399 0.00163399
 0.00163399 0.00163399 0.00163399 0.00163399 0.00163399 0.00163399
 0.00163399 0.00163399 0.00163399 0.00163399 0.00163399 0.00163399
 0.00163399 0.00163399 0.00163399 0.00163399 0.00163399 0.00163399
 0.00163399 0.00163399 0.00102907 0.00163399 0.00163399 0.00163399
 0.00163399 0.00163399 0.00163399 0.00163399 0.00163399 0.00163399
 0.00163399 0.00163399 0.00163399 0.00163399 0.00120106 0.00174021
 0.00163399 0.00163399 0.00163399 0.00163399 0.00163399 0.00163399
 0.00163399 0.00163399 0.00163399 0.00163399 0.00163399 0.00163399
 0.00163399 0.00163399 0.00163399 0.00163399 0.00163399 0.00163399
 0.00163399 0.00163399 0.00163399 0.00163399 0.00163399 0.00163399
 0.00163399 0.00163399 0.00163399 0.00163399 0.00163399 0.00163399
 0.00163399 0.00163399 0.00163399 0.00163399 0.00163399 0.00163399
 0.00163399 0.00163399 0.00163399 0.00163399 0.00163399 0.00174021
 0.00163399 0.00163399 0.00163399 0.00163399 0.00163399 0.00168396
 0.00163399 0.00163399 0.00259898 0.00163399 0.00163399 0.00163399
 0.00163399 0.00163399 0.00163399 0.00163399 0.00174021 0.00163399
 0.00163399 0.00163399 0.00163399 0.00102907 0.00163399 0.00163399
 0.00163399 0.00163399 0.00163399 0.00163399 0.00163399 0.00163399
 0.00174021 0.00163399 0.00163399 0.00163399 0.00163399 0.00163399
 0.00163399 0.00163399 0.00163399 0.00163399 0.00163399 0.00163399
 0.00163399 0.00163399 0.00163399 0.00174021 0.00163399 0.00139032
 0.00163399 0.00163399 0.00163399 0.00163399 0.00163399 0.00163399
 0.00163399 0.00163399 0.00163399 0.00163399 0.00163399 0.00163399
 0.00163399 0.00163399 0.00163399 0.00163399 0.00262066 0.00163399
 0.00163399 0.00163399 0.00163399 0.00163399 0.00163399 0.00163399
 0.00163399 0.00163399 0.00163399 0.00163399 0.00163399 0.00163399
 0.00163399 0.00163399 0.00163399 0.00163399 0.00163399 0.00163399
 0.00163399 0.00163399 0.00163399 0.00163399 0.00163399 0.00163399
 0.00163399 0.00163399 0.00163399 0.00163399 0.00163399 0.00163399
 0.00163399 0.00163399 0.00163399 0.00163399 0.00163399 0.00163399
 0.00163399 0.00163399 0.00163399 0.00163399 0.00163399 0.00163399
 0.00163399 0.00163399 0.00163399 0.00163399 0.00163399 0.00163399
 0.00139032 0.00163399 0.00163399 0.00163399 0.00163399 0.00163399
 0.00163399 0.00163399 0.00163399 0.00260865 0.00139032 0.00163399
 0.00163399 0.00163399 0.00163399 0.00163399 0.00163399 0.00163399
 0.00163399 0.00163399 0.00163399 0.00163399 0.00163399 0.00163399
 0.00163399 0.00163399 0.00163399 0.00163399 0.00163399 0.00163399
 0.00163399 0.00163399 0.00163399 0.00163399 0.00163399 0.00163399
 0.00163399 0.00163399 0.00163399 0.00163399 0.00163399 0.00163399
 0.00163399 0.00163399 0.00163399 0.00163399 0.00163399 0.00163399
 0.00163399 0.00163399 0.00163399 0.00163399 0.00163399 0.00163399
 0.00163399 0.00163399 0.00163399 0.00163399 0.00168396 0.00163399
 0.00163399 0.00163399 0.00163399 0.00163399 0.00163399 0.00163399
 0.00163399 0.00163399 0.00163399 0.00163399 0.00163399 0.00102907
 0.00163399 0.00163399 0.00163399 0.00163399 0.00163399 0.00163399
 0.00163399 0.00163399 0.00163399 0.00163399 0.00163399 0.00163399
 0.00163399 0.00163399 0.00163399 0.00163399 0.00163399 0.00163399]